20 2 5
1 1 4
1 5 1 13 2 10 3 8 4 10 5 11 
2 3 1 8 2 18 3 12 
3 4 1 12 2 13 3 16 5 19 
4 4 1 10 3 18 4 14 5 12

1 2 3
1 3 1 18 2 8 5 7 
2 4 2 16 3 17 4 14 5 19 
3 4 1 18 2 15 3 12 5 17

1 3 4
1 3 1 6 3 5 4 9 
2 2 1 6 4 19 
3 5 1 19 2 13 3 13 4 19 5 7 
4 4 1 12 2 11 3 15 4 17

1 4 4
1 2 1 7 3 8 
2 3 3 5 4 9 5 6 
3 4 1 17 3 6 4 12 5 8 
4 4 1 8 2 12 4 15 5 17

1 5 3
1 5 1 8 2 13 3 16 4 10 5 19 
2 2 1 19 4 11 
3 5 1 13 2 15 3 17 4 6 5 8

1 6 3
1 5 1 17 2 17 3 12 4 14 5 9 
2 4 1 14 2 13 4 15 5 18 
3 2 4 18 5 12

1 7 4
1 4 1 7 2 9 3 16 5 19 
2 4 1 11 2 16 4 15 5 14 
3 4 1 13 2 13 3 18 4 11 
4 4 1 7 2 11 3 14 4 18

1 8 3
1 4 1 11 2 19 4 16 5 5 
2 2 1 7 5 6 
3 2 3 16 5 9

1 9 3
1 4 1 10 3 13 4 5 5 14 
2 5 1 15 2 7 3 8 4 7 5 10 
3 2 1 13 4 9

1 10 3
1 2 4 19 5 16 
2 4 1 15 2 11 4 17 5 11 
3 5 1 12 2 9 3 15 4 15 5 14

1 11 4
1 5 1 12 2 12 3 6 4 15 5 19 
2 5 1 9 2 19 3 5 4 6 5 6 
3 5 1 7 2 18 3 8 4 7 5 19 
4 3 1 15 3 14 5 8

1 12 4
1 4 1 15 2 7 4 17 5 15 
2 5 1 17 2 10 3 6 4 17 5 13 
3 3 2 17 3 18 5 16 
4 2 3 12 4 16

1 13 4
1 5 1 12 2 16 3 15 4 12 5 9 
2 5 1 5 2 17 3 16 4 18 5 13 
3 5 1 18 2 10 3 6 4 18 5 16 
4 4 1 13 2 8 3 14 5 7

1 14 3
1 2 2 8 4 7 
2 5 1 19 2 15 3 5 4 13 5 11 
3 4 2 13 3 6 4 11 5 16

1 15 4
1 5 1 16 2 13 3 14 4 12 5 11 
2 3 2 19 4 13 5 18 
3 2 2 6 3 13 
4 3 1 18 2 9 3 9

1 16 4
1 4 1 10 3 8 4 10 5 18
2 2 4 13 5 6
3 2 2 14 4 7
4 2 3 14 5 7

1 17 4
1 4 1 16 2 11 4 11 5 18
2 4 1 9 2 8 3 12 4 13
3 4 1 11 2 11 4 12 5 14
4 3 2 5 3 12 4 15

1 18 3
1 5 1 16 2 14 3 16 4 17 5 18
2 3 1 9 3 13 5 14
3 5 1 19 2 6 3 16 4 7 5 12

1 19 4
1 5 1 11 2 5 3 14 4 11 5 18
2 2 1 14 2 6
3 2 4 14 5 5
4 3 2 11 3 17 5 9

1 20 4
1 4 1 16 2 5 3 9 4 17
2 5 1 6 2 9 3 14 4 5 5 8
3 4 2 11 3 18 4 17 5 9
4 2 2 12 5 8

2 1 4
1 5 1 6 2 10 3 9 4 7 5 15 
2 3 1 5 2 6 3 17 
3 4 1 15 2 10 3 14 5 14 
4 4 1 7 3 12 4 9 5 12

2 2 3
1 3 1 11 2 6 5 8 
2 4 2 8 3 18 4 12 5 14 
3 4 1 17 2 7 3 16 5 10

2 3 4
1 3 1 6 3 17 4 10 
2 2 1 15 4 9 
3 5 1 11 2 17 3 11 4 5 5 10 
4 4 1 10 2 7 3 14 4 10

2 4 4
1 2 1 6 3 15 
2 3 3 12 4 10 5 6 
3 4 1 13 3 17 4 19 5 13 
4 4 1 11 2 13 4 17 5 14

2 5 3
1 5 1 17 2 6 3 9 4 5 5 19 
2 2 1 12 4 9 
3 5 1 15 2 19 3 16 4 5 5 9

2 6 3
1 5 1 15 2 7 3 9 4 9 5 12 
2 4 1 14 2 18 4 14 5 13 
3 2 4 14 5 8

2 7 4
1 4 1 10 2 10 3 8 5 6 
2 4 1 9 2 12 4 6 5 19 
3 4 1 19 2 5 3 17 4 7 
4 4 1 10 2 12 3 5 4 14

2 8 3
1 4 1 9 2 7 4 8 5 18 
2 2 1 19 5 15 
3 2 3 19 5 10

2 9 3
1 4 1 16 3 8 4 19 5 19 
2 5 1 19 2 16 3 8 4 16 5 8 
3 2 1 13 4 9

2 10 3
1 2 4 6 5 18 
2 4 1 9 2 8 4 13 5 13 
3 5 1 19 2 10 3 18 4 18 5 19

2 11 4
1 5 1 12 2 15 3 10 4 15 5 13 
2 5 1 9 2 5 3 7 4 16 5 10 
3 5 1 9 2 7 3 10 4 10 5 18 
4 3 1 16 3 19 5 8

2 12 4
1 4 1 11 2 13 4 19 5 6 
2 5 1 10 2 15 3 16 4 14 5 11 
3 3 2 19 3 11 5 17 
4 2 3 10 4 6

2 13 4
1 5 1 18 2 19 3 8 4 18 5 16 
2 5 1 5 2 10 3 11 4 13 5 9 
3 5 1 5 2 16 3 16 4 7 5 10 
4 4 1 17 2 8 3 8 5 6

2 14 3
1 2 2 17 4 13 
2 5 1 14 2 10 3 8 4 6 5 17 
3 4 2 15 3 15 4 15 5 18

2 15 4
1 5 1 19 2 15 3 5 4 9 5 10 
2 3 2 5 4 13 5 5 
3 2 2 6 3 11 
4 3 1 11 2 12 3 11

2 16 4
1 4 1 12 3 19 4 13 5 17
2 2 4 16 5 17
3 2 2 15 4 10
4 2 3 8 5 7

2 17 4
1 4 1 14 2 8 4 17 5 17
2 4 1 5 2 15 3 12 4 15
3 4 1 9 2 18 4 11 5 15
4 3 2 10 3 12 4 9

2 18 3
1 5 1 10 2 18 3 19 4 16 5 7
2 3 1 10 3 7 5 13
3 5 1 13 2 8 3 8 4 13 5 13

2 19 4
1 5 1 17 2 15 3 5 4 8 5 9
2 2 1 15 2 14
3 2 4 17 5 17
4 3 2 15 3 12 5 6

2 20 4
1 4 1 16 2 10 3 15 4 13
2 5 1 10 2 14 3 11 4 14 5 16
3 4 2 19 3 7 4 17 5 16
4 2 2 18 5 11