4 2 5
1 1 5
1 5 1 5 2 18 3 12 4 18 5 15
2 3 1 18 2 17 3 11
3 3 1 16 4 17 5 12
4 4 1 19 2 16 3 8 4 11
5 2 1 12 4 19

1 2 5
1 5 1 6 2 8 3 18 4 15 5 15
2 2 1 10 4 18
3 3 1 5 2 14 5 8
4 4 2 15 3 6 4 15 5 16
5 2 2 16 3 10

1 3 5
1 5 1 5 2 14 3 16 4 14 5 6
2 2 2 5 5 13
3 2 2 5 4 8
4 3 2 15 3 7 4 5
5 4 2 14 3 8 4 16 5 11

1 4 5
1 5 1 10 2 19 3 12 4 8 5 9
2 4 1 6 2 11 3 5 4 11
3 4 1 10 3 18 4 7 5 10
4 2 3 12 5 7
5 3 1 14 2 5 4 10

2 1 5
1 5 1 17 2 8 3 16 4 18 5 8
2 3 1 18 2 14 3 8
3 3 1 11 4 14 5 5
4 4 1 13 2 17 3 15 4 19
5 2 1 8 4 17

2 2 5
1 5 1 5 2 6 3 13 4 5 5 19
2 2 1 18 4 7
3 3 1 11 2 14 5 15
4 4 2 12 3 5 4 7 5 6
5 2 2 15 3 17

2 3 5
1 5 1 5 2 10 3 15 4 13 5 10
2 2 2 19 5 10
3 2 2 11 4 17
4 3 2 10 3 18 4 16
5 4 2 14 3 9 4 17 5 9

2 4 5
1 5 1 12 2 12 3 7 4 5 5 19
2 4 1 9 2 7 3 5 4 7
3 4 1 15 3 19 4 9 5 13
4 2 3 7 5 16
5 3 1 11 2 6 4 12
